2832
2108
3082
4328
6843
5121
2869
1366
2358
1680
4980
1161

8026
2154
4242
1023
2744
3162
4093
1150
5397
2738
5657

10954
11208
8034
1636
9430
9421
5025

3837
5938
3967
2942
2727
3623
4070
1748
1795
1687
4023
6068
2558
2570
4214

9679
2986
5168
16463

5912
6008
1259
5378
10740
1642
2617
7821

3840
5265
2104
1510
5477
2636
5920
5939
5430
4482
5603
4915
5416
5897

3932
9344
7536
4925
10088
5253
5625
6800

3928
13714
18995
3569

2424
5188
11199
6078
11525
5155
3142

2595
5893
5590
6270
6095
5279
3726
6015
3985
5455
5190
4897
6632

5046
1424
3629
6204
6187
1149
4145
6953
2958
6312
1592
4614
2859

5750
9606
11706
2629
13635
5611

2162
6014
3168
8052
10781
3762
5653

21918
14739

2431
5955
4810
7476
2529
7985
6040
5864
3459
3347
4853

4695
3911
5590
4439
4874
2251
3967
6895
5801
2720
5125
5575
2057

5642
3714
5127
5083
2925
5048
6368
5883
2287
3276
3326
2207
3377

18373
7075
12254
18539

13758
19556
23565

6463
5076
5429
3105
6201
5959
6474
5740
6997
7567
1883

2316
10793
2985
10596
6910
11957
5984

18521
7234
7943

8774
7905
4375
1788
9244
2259
4842
6313

4496
10446
6917
1113
2509
1229
2999

2158
3221
1412
1484
1768
2621
1087
1152
3625
3767
4859
1220
3745
4374
3712

4072
8998
5778
4361
6138

11068
15488
17001
16349

3493
15148
14490
9502
11101

8952
2731
10734
7581
4799
9379
5405
10345

5008
4456
3824
3025
4493
2369
1050
3368
3266
4641
5932
5774
1287
3001
2934

16879
20950
11598

11948
2932
1672
11100

24636
12299
18577

14198
24466
25429

3539
5867
2303
1372
3757
3255
4606
4703
4477
3515
5287
7330

2673
5936
6292
4183
4963
6462
4193
5588
5140
2825
4784
3210
1682
3746

12296
15184
9500
16390

2816
6984
6514
8120
8000
9203
3716

24745
15138

4456
4546
4903
2885
4578
2588
2946
6634
1414
1239
6070
4651
2749

3755
3424
3633
2325
2730
5526
6877
4528
6567
2626
6429
2464

2159
6338
2919
4039
3091
7916
2833
4192
5486
2220
5616

1025
10572
6790
3174
5986
2465
9046
1559

4652
9609
4804
5109
5301
9886
7094

1888
9582
9566
2777
1234

6231
7939
4757
3026
11324
4069
6366

5078
6127
1616
5894
3707
1031
5544
4880
6766
6411
2767
2642
1197

2954
1929
8070
6836
7396
7779
5059
5299
3101
1108
3408

23715
34978

5986
8393
3943
9746
8118
6464
4882

66377

2291
6079
3131
2006
6250
3864
5167
3150
3909
3435
2679
6801
6361

12399
2412
2223
2628
7269

6446
2771
6190
5186
5672
5414
4361
1204
1306
2448
1425
2860
3235
2123

6648
5782
2695
6432
5396
5628
5713
5889
5862
1082
4800
6132

1804
6681
3451
6039
6573
3927
5420
1443
3711
1906
5490
4212
2221

4960
3469
3779
1215
3665
6336
5876
6523
1211
1051
6900
2665
6116

5650
7059
1520
3284
10604
5219
6087

1385
3922
6315
3317
2532
1591
2191
6198
1667
2358
4424
3384
1452
1878

8968
6735
12578
11709
7573
1140

8445
2956
8682
8315
3698
7811
6875
2514
2348

19576
3115
13589
15609

43635

8805
24653
4664

6088
5967
5407
3638
9220
1047
2792
7947
9559

9635
5762
7826
4419
12047
8603
6995

6103
7299
7646
4602
5535
7703
6427
6826
1506
5826
8019

5341
3445
2020
4685
1068
4974
5251
2968
4358
4057
2686
1122
2914
3998
1247

3096
1152
4346
3685
1365
4059
2774
4958
3561
1036
4612
4404
3419
4733
3484

5167
1180
1172
5057
3974
6226
1309
4009
5230
1105
4158
2016
3786
2513

2940
1134
6443
7340
5325
3750
3839
7379
4766
4173

4547
11948
7129
6433
7101
2361
8366

1507
6017
3115
6258
6404
6000
1869
5286
1623
1410
3739
1632
2433

5846
6515
2172
6728
6626
2611
1583
2759
3192
3197
1057
5425
2712

7224
2884
2611
1784
3902
7393
5299
2389
1941
4128
5461
1015

1743
9456
8535
6753
7773
10241
5969
8666

19734
2085
9467
12261

1778
7318
2654
3489
3276
4511
2533
3292
4718
5173
2267
5451

5567
5103
1888
2210
4582
1260
1264
4326
5352
3549
5226
1875
3156
3571

1380
7048
2322
1694
4611
6541
8334
2071
1390
7593

5343
4878
1115
1400
8760
4952
5444
4012

3021
2193
6671
1502
7320
7557
4150
3959
1818
8798

19469
23032
11831

8257
5493
5583
7627
3801
3468
1742

9306
4711
6825
8310
2782
2447
10195
4287

10790
6505
15999
15093
14116

1469
2435
4534
8314
7762
2064
5315
1109
4439

28459
29638

1530
1274
5799
7684
2594
6179
1450
4017
5336
2397
7630

1467
5771
5730
2600
3958
4481
4994
2718
6763
4521
6496

3638
7722
6498
3612
7521
1310
6183
1850
6394
4763
2657

7537
4591
2179
9064
6970
2782
9339
1265
7281

3380
12388
5521
1191
8912

2776
3427
3206
2075
2589
3545
1806
2603
4079
2700
3430
1185
5708
1322

1466
4217
3529
1232
5654
2061
5435
5875
4521
4841
6114
5252
1185
5842

21001
8876

5131
5556
6014
7791
3957
8731
8053
8015

10379
3070
21154

3012
5818
1144
6315
4495
1846
7923
1340
2675
4955
3654

5014
1838
1302
4994
1105
4055
3542
6260
1219
1737
1191
6069
5293
4765

18556
13230
15065
18284

48135

9070
7739
6829
7932
8713
4312
8262
4925
2769

13528
4077
21766

6782
20020
15396

15610
4166
5153
14554
6008

5875
4131
2371
1381
1793
5487
5816
6051
5595
5412
4800
3069
2332
4360
2380

3310
5210
13776
3665
2335
6094

2728
4544
6050
8616
8297
5501
1544
5770
3807
5388

10758
7573
7170
4945
8868
8074
8055

6053
6804
6870
9779
9992
7935

25222
8776
10549

2785
37443

7055
7876
6587
6322
6447

2403
3529
1514
2202
2622
4484
3216
7798
1135
2120
1624

12169
8212
13127
11115
7072
3080

5017
6458
5226
1287
6413
7938
4211
6724
4862
1242
7481

47712

8432
3562
5349
2961
1171
5888
10533
6771

31566
13234

52095

11601
2394
1084
4909
5592
5718
3912

10963
12196
15697
3599
8635

22503
4376

9918
8408
1882
6546
7045
3395
6931
9059

4664
3815
3110
1676
5396

9459
2435
9466
8929
2587
8181
5385
1703
7383

1271
6006
4250
2558
4734
1817
4695
5683
6119
5150
1060
3814
6012
3977

2690
1343
3990
2648
5829
5590
5609
1718
2148
5400
1130
4659
3463

3287
2098
5050
6246
6901
2001
2289
1892
7836
1358
5224

7024
3331
2742
6134
4850
6971
4798
6270
3375
3678
2791

2968
7186
7213
1818
3735
6366
1138
5386
2479
3978
6926

10692
9805
18086
13749

9566
1552
7121
2410
8839
1581
7143
5682
4454

2580
5217
5391
3347
3384
5377
2047
2465
4622
5743
3015
1305
1960

15710
1936

2012
1530
4286
3519
4311
5820
2446
5807
4890
1242
4685

28724

1094
1190
2500
3617
1286
2430
8633
6728
7392
6037

7997
8802
4988
6780
5537
7377
1238
5501

3131
8597
7966
6157
4817
2327
4515
7983
3165
6785

6203
2841
5423
2632
7410
4532
2012
8719
7507
1449

37282

3012
2285
4191
2242
2014
3836
1261
1951
4484
5194
1328
1295
5970
5030
3604

6092
2930
1517
1064
6648
6112
1392
6746
4490
1785
3352
2248
4975

1774
2925
5667
4315
2228
4088
2936
6062
4679
5220
3173
2961
3431
1907
3213

11417
6055
10378
11585
11495
3286

4242
2198
1453
2454